Country,Very proud,Quite proud,Not very proud,Not at all proud,I am not [nationality],RU/HT,No answer,Dont know
TOTAL,52.3,34.2,8.2,1.8,1.3,0.1,1,1.3
Algeria,59.2,34.2,3,1,0.2,0,2.5,0
Azerbaijan,72.2,20.1,5.4,2.3,0,0,0,0
Argentina,48.6,40.7,5.2,2.6,2,0,0.4,0.5
Australia,70.3,25.3,3.1,0.9,0,0,0.5,0
Brazil,34.2,43,16,5.9,0.4,0,0.2,0.3
China,22.2,56.4,8.5,0.7,0,0,12.2,0
Estonia,20.9,50.7,20.4,5.6,0,0,0.2,2.1
Germany,23.7,46.4,14.5,4,7.6,0.8,1,2
India,69.2,26,2.5,0.2,0.1,0,0,1.9
Iraq,49.8,39,8.2,1,0.1,0,0,1.9
Japan,25.1,40.2,24.1,1.9,0,0,0,8.6
Jordan,84.5,13.9,0.5,0.6,0.5,0,0,0
Malaysia,64.5,31.8,2.8,0.3,0.5,0,0,0
Mexico,84,11.2,3.6,1,0,0,0,0
Netherlands,20.7,59.8,12.9,2.8,3,0,0.7,0
New Zealand,63.1,26.3,1.9,1.3,5,0,1.8,0.6
Peru,62.2,30.6,5.9,0.8,0.2,0,0.2,0.3
Poland,59.7,34.8,3.2,0.8,0.2,0,0.1,1.1
Qatar,98.3,1.4,0,0,0.3,0,0,0
Romania,43,39.6,14.3,1.9,0.1,0,0.5,0.6
Russia,28.6,47.5,14.7,3.8,0.4,0.3,0.4,4.4
Singapore,48.4,40.9,9.1,1.4,0.1,0,0,0
South Africa,61.5,28,6.7,1.7,1.4,0,0,0.8
Spain,55.2,31.3,5.3,2.4,1.5,0,2.5,1.8
Sweden,39.7,41.9,9.2,2.3,4.1,0.9,0.5,1.5
Thailand,81.6,16,1.9,0.3,0,0,0.2,0
Turkey,75.3,16,1.9,0.7,5.6,0,0.4,0.2
United States,56.1,30.6,6.8,1.4,3.8,0,1.3,0
Uruguay,50.4,41.9,5.2,1.2,0.4,0,0.5,0.4
